a 0
b 0
k 0 12000
q 1.000000 0.000000 0.000000 0.000000
t 0.000000 0.000000 0.000000
s 1.000000 1.000000 1.000000
q 1.000000 0.000000 0.000000 0.000000
t 0.000000 0.000000 0.000000
s 1.000000 1.000000 1.000000
b 1
k 0 12000
q 1.000000 0.000000 0.000000 0.000000
t 0.000000 0.000000 0.000000
s 1.000000 1.000000 1.000000
q 0.878663 0.477444 0.000000 -0.000000
t 0.000000 0.000000 0.000000
s 1.000000 1.000000 1.000000
b 2
k 0 12000
q 1.000000 0.000000 0.000000 0.000000
t 0.000000 0.000000 0.000000
s 1.000000 1.000000 1.000000
q 1.000000 0.000000 0.000000 0.000000
t 0.000000 0.000000 0.000000
s 1.000000 1.000000 1.000000
b 3
k 0 12000
q 1.000000 0.000000 0.000000 0.000000
t 0.000000 0.000000 0.000000
s 1.000000 1.000000 1.000000
q 1.000000 0.000000 0.000000 0.000000
t 0.000000 0.000000 0.000000
s 1.000000 1.000000 1.000000
