b 0 0.000000 0.000000 -4.700000
c 1
p
b 1 0.000000 0.000000 0.000000
c
p 0
w 1 0.999770
w 1 0.999764
w 0 0.999765
w 0 0.999770
w 1 0.999763
w 1 0.999770
w 0 0.999771
w 0 0.999764
w 1 0.999227
w 1 0.996676
w 1 0.997965
w 1 0.999855 0 0.002211
w 1 0.998754 0 0.000000
w 0 0.999995 1 0.000000
w 0 0.999990 1 0.013569
w 0 0.999929 1 0.000000
w 0 0.996675 1 0.000000
w 0 0.999224 1 0.000000
w 1 0.999226
w 1 0.996966
w 1 0.999979 0 0.000000
w 1 1.000000 0 0.000288
w 1 0.999990 0 0.000117
w 0 0.998904 1 0.000001
w 0 0.999512 1 0.000009
w 0 0.994138 1 0.000000
w 0 0.996696 1 0.000000
w 0 0.999228 1 0.000000
w 0 0.999229
w 0 0.996687
w 0 0.999969
w 0 0.999987 1 0.001602
w 0 0.999261 1 0.000000
w 1 0.975635 0 0.000000
w 1 0.999986 0 0.001474
w 1 0.999998 0 0.000000
w 1 0.996776
w 1 0.999223
w 0 0.999227
w 0 0.996670 1 0.000000
w 0 0.999954 1 0.000000
w 0 0.999982 1 0.000510
w 0 1.000000 1 0.000000
w 1 0.984640 0 0.000000
w 1 0.999975 0 0.000000
w 1 1.000000 0 0.000000
w 1 0.996681
w 1 0.999225
w 0 0.999607
w 1 0.999876
w 1 0.999876
w 0 0.999876
w 0 0.999876
w 1 0.999876
w 0 0.999876
w 0 0.999609 1 0.000000
w 0 0.999876
w 1 0.999607
w 1 0.999876
w 1 0.999608
w 1 0.999610
w 1 0.998402
w 1 0.995187
w 1 0.989394 0 0.000538
w 1 1.000000 0 0.000001
w 0 0.986646 1 0.064632
w 0 0.999951 1 0.000000
w 0 0.999817 1 0.001407
w 0 0.993084 1 0.000000
w 0 0.998403 1 0.000000
w 1 0.999610
w 1 0.998401
w 1 1.000000 0 0.000000
w 1 0.999999 0 0.000025
w 1 1.000000 0 0.000121
w 0 0.994625 1 0.008548
w 0 0.999379 1 0.000002
w 0 0.999955 1 0.003754
w 0 0.993130 1 0.000000
w 0 0.998412 1 0.000000
w 0 0.999612
w 0 0.998407
w 0 0.993202
w 0 0.999998 1 0.009149
w 0 0.999936 1 0.000001
w 0 0.923512 1 0.009079
w 1 1.000000 0 0.000375
w 1 0.999828 0 0.000276
w 1 0.999997
w 1 0.998401
w 0 0.999611
w 0 0.998402 1 0.000000
w 0 0.993069 1 0.000000
w 0 1.000000 1 0.000056
w 0 0.999997 1 0.000001
w 0 0.956939 1 0.026173
w 1 1.000000 0 0.000000
w 1 0.999531 0 0.000933
w 1 0.996388 0 0.000000
w 1 0.998405
w 1 0.999519
w 1 0.997896
w 1 0.999999 0 0.000000
w 1 0.999706 0 0.000006
w 0 0.000649 1 0.998363
w 1 0.000000 0 1.000000
w 0 0.999762 1 0.000011
w 0 0.996385 1 0.000000
w 0 0.997899 1 0.000000
w 0 0.999520 1 0.000000
w 1 0.999519
w 1 0.997896
w 1 0.999430
w 1 1.000000 0 0.000022
w 0 0.000000 1 0.984915
w 1 0.000000 0 1.000000
w 0 0.999900 1 0.000010
w 0 0.999945 1 0.000000
w 0 0.997893 1 0.000000
w 0 0.999519 1 0.000000
w 0 0.999520
w 0 0.997898
w 0 0.990573
w 0 0.986860 1 0.004759
w 1 0.000030 0 0.999616
w 0 0.023752 1 0.996244
w 1 1.000000 0 0.000027
w 1 0.999592 0 0.000000
w 1 0.997894
w 1 0.999519
w 1 0.999519
w 1 0.997948
w 1 1.000000
w 1 1.000000 0 0.000038
w 0 0.000650 1 0.999997
w 0 0.999709 1 0.000000
w 0 0.999811 1 0.000165
w 0 0.995759 1 0.000000
w 0 0.997904
w 0 0.999521
w 0 0.999003
w 0 0.995572 1 0.000000
w 0 0.999998 1 0.000000
w 0 0.999901 1 0.000044
w 1 0.015219 0 0.996782
w 1 1.000000 0 0.001319
w 1 0.999251 0 0.000000
w 1 0.999980
w 1 0.998997
w 1 0.999763
w 1 0.998998
w 1 0.998842
w 1 0.998766 0 0.000000
w 1 0.999998 0 0.000005
w 0 0.933036 1 0.039901
w 1 0.000103 0 0.999518
w 0 0.997755
w 0 0.995559
w 0 0.999000
w 0 0.999764
w 0 0.998998 1 0.000000
w 0 0.995551 1 0.000000
w 0 0.999926 1 0.000000
w 0 0.999244 1 0.000324
w 1 0.027771 0 0.989117
w 1 0.999941 0 0.000000
w 1 0.980002 0 0.000000
w 1 0.996280
w 1 0.998999
w 1 0.999764
w 0 0.999001 1 0.000000
w 0 0.995563 1 0.000000
w 0 0.999962 1 0.000000
w 0 0.999649 1 0.000000
w 1 0.037094 0 0.991286
w 1 1.000000 0 0.000257
w 1 0.999896 0 0.000000
w 1 1.000000 0 0.000000
w 1 0.998998
w 1 0.999763
w 1 0.999990
w 0 0.999764
w 0 0.999763
w 1 0.999763
w 0 0.999990
w 0 0.999764
