b 0 0.000000 0.000000 -4.700000
c 1
p
b 1 0.000000 0.000000 0.000000
c
p 0
w 1 0.999770
w 1 0.999764
w 0 0.999765
w 0 0.999770
w 1 0.999763
w 1 0.999770
w 0 0.999771
w 0 0.999764
w 1 0.999227
w 1 0.996676
w 1 0.985650
w 1 0.938578 0 0.061422
w 1 0.746379 0 0.253621
w 0 0.746392 1 0.253608
w 0 0.938541 1 0.061459
w 0 0.985605
w 0 0.996675
w 0 0.999224
w 1 0.999226
w 1 0.996669
w 1 0.985624
w 1 0.938615 0 0.061385
w 1 0.747032 0 0.252968
w 0 0.747314 1 0.252686
w 0 0.938893 1 0.061107
w 0 0.985715
w 0 0.996696
w 0 0.999228
w 0 0.999229
w 0 0.996687
w 0 0.985699
w 0 0.938818 1 0.061182
w 0 0.746923 1 0.253077
w 1 0.746209 0 0.253791
w 1 0.938570 0 0.061430
w 1 0.985592
w 1 0.996672
w 1 0.999223
w 0 0.999227
w 0 0.996670
w 0 0.985626
w 0 0.938602 1 0.061398
w 0 0.747245 1 0.252755
w 1 0.747109 0 0.252891
w 1 0.938503 0 0.061497
w 1 0.985638
w 1 0.996681
w 1 0.999225
w 0 0.999607
w 1 0.999876
w 1 0.999876
w 0 0.999876
w 0 0.999876
w 1 0.999876
w 0 0.999876
w 0 0.999609
w 0 0.999876
w 1 0.999607
w 1 0.999876
w 1 0.999608
w 1 0.999610
w 1 0.998402
w 1 0.993098
w 1 0.970239 0 0.009522
w 1 0.874478 0 0.125522
w 0 0.500007 1 0.499993
w 0 0.874478 1 0.125522
w 0 0.970127 1 0.009747
w 0 0.993082
w 0 0.998403
w 1 0.999610
w 1 0.998401
w 1 0.993066
w 1 0.970199 0 0.009602
w 1 0.874369 0 0.125631
w 0 0.500092 1 0.499908
w 0 0.874939 1 0.125061
w 0 0.970381 1 0.009239
w 0 0.993130
w 0 0.998412
w 0 0.999612
w 0 0.998407
w 0 0.993121
w 0 0.970347 1 0.009306
w 0 0.874769 1 0.125231
w 0 0.500226 1 0.499774
w 1 0.874228 0 0.125772
w 1 0.970216 0 0.009569
w 1 0.993076
w 1 0.998401
w 0 0.999611
w 0 0.998402
w 0 0.993068
w 0 0.970198 1 0.009604
w 0 0.874807 1 0.125193
w 0 0.500044 1 0.499956
w 1 0.874530 0 0.125470
w 1 0.970209 0 0.009583
w 1 0.993096
w 1 0.998405
w 1 0.999519
w 1 0.997894
w 1 0.990554
w 1 0.956219 0 0.037562
w 0 0.216263 1 0.783737
w 1 0.216191 0 0.783809
w 0 0.956284 1 0.037432
w 0 0.990573
w 0 0.997899
w 0 0.999520
w 1 0.999519
w 1 0.997896
w 1 0.990558
w 1 0.956216 0 0.037569
w 0 0.216301 1 0.783699
w 1 0.216278 0 0.783722
w 0 0.956226 1 0.037548
w 0 0.990550
w 0 0.997893
w 0 0.999519
w 0 0.999520
w 0 0.997898
w 0 0.990563
w 0 0.956246 1 0.037508
w 1 0.216291 0 0.783709
w 0 0.216381 1 0.783619
w 1 0.956204 0 0.037593
w 1 0.990552
w 1 0.997894
w 1 0.999519
w 1 0.999519
w 1 0.997893
w 1 0.990548
w 1 0.956207 0 0.037586
w 0 0.216343 1 0.783657
w 0 0.783796 1 0.216204
w 0 0.956304 1 0.037392
w 0 0.990587
w 0 0.997904
w 0 0.999521
w 0 0.999003
w 0 0.995572
w 0 0.979832
w 0 0.903838 1 0.096162
w 1 0.499950 0 0.500050
w 1 0.903694 0 0.096306
w 1 0.979770
w 1 0.995549
w 1 0.998997
w 1 0.999763
w 1 0.998998
w 1 0.995553
w 1 0.979773
w 1 0.903688 0 0.096312
w 0 0.500034 1 0.499966
w 1 0.096236 0 0.903764
w 0 0.979790
w 0 0.995559
w 0 0.999000
w 0 0.999764
w 0 0.998998
w 0 0.995551
w 0 0.979770
w 0 0.903764 1 0.096236
w 1 0.499992 0 0.500008
w 1 0.903736 0 0.096264
w 1 0.979777
w 1 0.995557
w 1 0.998999
w 1 0.999764
w 0 0.999001
w 0 0.995563
w 0 0.979812
w 0 0.903838 1 0.096162
w 1 0.499976 0 0.500024
w 1 0.903742 0 0.096258
w 1 0.979775
w 1 0.995553
w 1 0.998998
w 1 0.999763
w 1 0.999990
w 0 0.999764
w 0 0.999763
w 1 0.999763
w 0 0.999990
w 0 0.999764
